504,41
425,4
26,18
26,17
152,14
78,8
84,42
2,128
507,4
507,3
507,2
507,1
507,0
506,4
506,3
506,2
506,1
506,0
505,4
505,3
505,2
505,1
505,0
504,45
504,51
2,18
2,17
2,16
2,15
2,14
2,12
2,11
2,10
2,9
2,8
2,7
2,6
2,4
2,2
1,8
1,7
1,6
1,4
1,2
0,511
0,505
0,504
0,495
0,489
0,459
0,458
0,457
0,456
0,454
0,451
0,449
0,448
0,447
0,445
0,443
0,440
0,437
0,432
0,428
0,427
0,425
0,424
0,422
504,50
0,421
0,419
504,1
0,417
504,3
0,415
0,413
0,414
0,411
0,406
504,0
0,400
0,397
0,396
0,395
0,382
0,381
0,375
0,374
2,93
0,372
1,1
0,371
1,5
0,368
1,3
0,367
1,0
2,1
0,359
0,358
0,357
0,356
0,347
0,346
0,344
0,337
0,334
0,332
0,329
2,13
0,326
0,323
0,322
0,321
2,3
0,243
2,0
0,394
0,9
0,310
0,305
0,354
0,350
0,340
0,486
0,455
0,450
0,446
0,431
0,467
0,468
0,453
0,469
0,503
0,461
0,460
0,464
0,308
0,304
0,303
0,302
0,307
0,444
0,12
0,373
0,10
0,452
0,8
0,0
0,475
0,300
0,423
0,299
0,402
0,298
0,370
0,297
0,497
0,296
0,318
0,295
0,301
0,294
0,387
0,293
0,498
0,292
0,342
0,291
0,496
0,290
0,386
0,289
0,327
0,288
0,377
0,287
0,416
0,286
0,474
0,285
0,480
0,284
0,390
0,283
0,403
0,282
0,509
0,281
0,333
0,280
0,352
0,279
0,278
0,501
0,277
0,331
0,276
2,19
2,20
2,22
2,23
2,25
2,26
2,28
2,30
2,31
2,33
2,34
2,64
2,66
2,67
2,69
2,70
2,72
2,73
2,75
2,77
2,78
2,80
2,81
2,83
2,85
2,86
2,88
2,89
2,91
2,92
2,95
2,97
2,98
2,100
2,101
2,103
2,105
2,106
2,108
2,109
2,111
2,112
2,114
2,116
3,0
3,2
3,3
3,5
4,0
4,1
4,3
24,0
24,3
24,5
24,6
24,8
24,9
25,1
25,2
25,4
25,6
25,7
25,9
25,10
25,13
25,15
25,16
25,18
25,19
25,21
25,22
25,24
26,1
26,3
26,5
26,21
27,1
27,3
27,5
27,6
27,23
27,24
28,0
28,2
28,3
28,5
28,6
29,0
29,3
29,4
30,1
30,3
31,1
31,4
32,0
32,3
33,0
33,3
33,4
34,1
34,3
34,4
35,0
35,1
35,4
35,6
35,7
36,1
36,2
36,4
36,5
36,7
36,9
37,0
37,3
37,4
38,0
38,2
38,3
39,0
39,1
39,4
40,0
40,2
40,4
40,5
41,1
41,3
41,5
42,1
42,3
42,5
43,0
43,3
43,4
43,6
43,11
43,14
44,1
44,3
45,1
46,0
46,1
47,0
47,1
48,0
48,3
48,4
48,6
49,0
49,3
49,4
49,7
50,1
50,3
51,0
51,1
52,0
52,3
52,5
53,1
53,3
54,1
54,3
54,5
55,1
55,3
56,0
56,1
56,4
56,6
57,0
57,3
57,6
58,1
58,3
58,5
59,1
59,3
60,0
60,1
60,4
61,1
61,2
61,4
61,5
61,7
62,0
62,1
62,3
62,4
62,6
62,7
62,9
62,11
62,12
62,14
62,15
62,17
63,0
63,1
63,3
63,4
64,0
64,1
64,4
64,6
65,0
65,3
66,0
66,3
67,0
67,1
68,0
68,1
69,0
69,1
70,0
70,3
71,0
71,3
72,0
72,3
73,1
73,3
74,1
74,3
75,1
75,3
76,0
76,2
76,3
76,5
76,6
77,1
78,0
78,1
78,4
78,5
78,7
78,9
78,10
79,0
79,1
80,0
80,1
81,0
81,3
82,0
82,3
83,0
83,3
83,5
83,6
83,8
83,9
84,0
84,1
84,4
84,6
84,8
84,10
84,11
84,16
84,20
84,21
84,23
84,24
84,29
84,30
84,35
84,37
84,41
85,1
85,3
85,5
86,0
86,1
86,4
87,0
87,3
88,1
88,3
89,1
89,3
90,0
90,1
90,4
90,6
91,0
91,3
92,0
92,3
93,1
93,3
94,1
94,3
95,1
95,3
96,1
97,0
97,1
98,0
98,1
99,0
99,3
100,0
100,3
101,0
101,3
102,0
102,3
103,1
103,3
104,1
104,3
105,1
106,0
106,1
107,0
107,1
108,0
108,3
109,0
109,3
110,0
110,3
111,0
111,3
112,1
112,3
113,1
113,3
114,1
115,0
115,1
116,0
116,1
117,0
117,1
117,4
118,1
118,3
119,1
119,3
120,1
121,0
121,1
121,4
121,5
122,1
122,3
122,5
122,7
122,8
122,10
122,11
123,0
123,3
124,0
124,3
125,0
125,2
125,3
125,5
125,7
125,8
126,0
126,1
126,4
126,6
126,7
126,9
126,10
127,0
127,3
128,0
128,3
129,0
129,3
130,0
130,3
131,1
131,3
132,0
132,1
132,4
132,7
133,0
133,3
134,0
134,3
134,4
135,0
135,3
135,5
136,1
136,3
137,0
137,3
137,4
138,0
138,1
139,0
139,1
140,0
140,3
141,0
141,3
142,0
142,3
143,1
143,2
143,4
143,5
144,1
145,0
145,1
146,0
146,1
147,0
147,1
148,0
148,3
149,0
149,3
150,0
150,3
151,0
151,1
152,0
152,1
152,3
152,4
152,6
152,8
152,9
152,11
152,12
153,0
153,3
153,4
154,1
154,3
155,1
155,3
156,1
157,0
157,1
158,0
158,1
159,0
159,3
159,4
160,1
160,3
160,5
160,6
161,1
161,4
161,6
162,1
162,3
163,1
164,0
164,1
164,4
164,5
164,7
164,9
164,11
164,13
164,14
165,0
165,1
165,4
165,6
165,7
166,1
166,3
167,1
168,0
168,1
169,0
169,1
170,0
170,1
171,0
171,3
172,0
172,3
173,0
173,3
173,6
173,7
174,1
174,3
175,1
175,3
176,1
177,0
177,1
177,4
178,0
178,3
179,1
179,3
180,1
180,3
181,1
182,0
182,1
183,0
183,1
184,0
184,1
185,0
185,3
186,0
186,3
187,0
187,3
188,1
188,3
189,1
189,3
190,1
190,3
191,1
192,0
192,1
193,0
193,1
194,0
194,3
195,0
195,3
196,0
196,3
197,0
197,3
198,1
198,3
199,1
199,3
200,1
201,0
201,1
202,0
202,1
203,0
203,1
204,0
204,3
205,0
205,3
206,0
206,3
207,1
207,3
207,5
207,6
208,1
209,0
209,1
210,0
210,1
211,0
211,1
212,0
212,3
213,0
213,3
214,0
214,3
215,1
215,3
216,1
216,3
217,1
217,3
218,1
219,0
219,1
220,0
220,1
220,4
220,6
221,0
221,3
222,0
222,3
223,0
223,3
224,1
224,3
225,1
225,3
226,1
226,4
227,0
227,3
228,0
228,3
228,6
229,0
229,3
230,0
230,3
231,0
231,3
232,1
232,3
233,1
233,3
234,1
235,0
235,1
236,0
236,1
237,0
237,1
237,4
238,0
238,1
238,3
238,4
239,0
239,3
240,0
240,3
241,0
241,3
242,0
242,3
243,1
243,3
244,1
244,3
245,1
246,0
246,1
247,0
247,1
248,0
248,3
249,0
249,3
250,0
250,3
251,0
251,3
252,1
252,3
253,1
253,3
254,1
255,0
255,1
256,0
256,1
257,0
257,1
258,0
258,3
259,0
259,3
260,0
260,3
261,1
261,3
262,1
262,3
263,1
263,3
264,1
265,0
265,1
266,0
266,1
267,0
267,3
268,0
268,3
269,0
269,3
270,0
270,3
271,1
271,3
272,1
272,3
273,1
274,0
274,1
275,0
275,1
276,0
276,3
277,0
277,3
278,0
278,3
279,0
279,3
280,1
280,3
281,1
281,3
282,1
283,0
283,1
284,0
284,1
285,0
285,1
286,0
286,3
287,0
287,3
288,0
288,3
289,1
289,3
290,1
290,3
291,1
291,3
292,1
293,0
293,1
294,0
294,1
295,0
295,3
296,0
296,3
297,0
297,3
298,1
298,3
299,1
299,3
300,1
300,3
301,1
302,0
302,1
303,0
303,1
304,0
304,3
305,0
305,3
306,0
306,3
307,0
307,3
308,0
308,1
309,0
309,1
310,0
310,3
311,0
311,3
312,0
312,3
313,0
313,3
314,1
314,3
315,1
315,3
316,1
317,0
317,1
318,0
318,1
319,0
319,1
320,0
320,3
321,0
321,3
322,0
322,3
323,1
323,3
324,1
324,2
324,4
325,1
325,3
326,0
326,1
327,0
327,1
328,0
328,3
328,4
329,0
329,1
330,0
330,3
331,0
331,3
332,0
332,3
333,0
333,3
334,1
334,3
335,1
335,3
336,1
337,0
337,1
338,0
338,1
339,0
339,1
340,0
340,3
341,0
341,3
342,0
342,3
343,1
343,3
344,1
344,3
345,1
346,0
346,1
347,0
347,1
348,0
348,1
349,0
349,3
350,0
350,3
351,0
351,3
352,1
352,3
353,1
353,3
354,1
354,3
355,1
355,5
356,0
356,3
357,0
357,3
358,1
358,3
359,1
359,3
360,1
360,3
361,1
362,0
362,1
363,0
363,1
364,0
364,3
365,0
365,3
366,0
366,3
367,0
367,3
368,1
368,3
369,1
369,3
370,1
371,0
371,1
372,0
372,1
373,0
373,3
374,0
374,3
375,0
375,3
376,0
376,3
377,1
377,3
378,1
378,3
379,1
380,0
380,1
381,0
381,1
382,0
382,1
383,0
383,3
384,0
384,3
385,0
385,3
386,1
386,3
387,1
387,3
388,1
388,3
389,1
390,0
390,1
391,0
391,1
392,0
392,3
393,0
393,3
394,0
394,3
395,1
395,3
396,1
396,3
397,1
397,3
398,1
399,0
399,1
400,0
400,1
401,0
401,3
402,0
402,3
403,0
403,3
404,0
404,3
405,1
405,3
406,1
406,3
407,1
408,0
408,1
409,0
409,1
410,0
410,1
411,0
411,3
412,0
412,3
413,0
413,3
414,1
414,3
415,1
415,3
416,1
417,0
417,1
418,0
418,1
419,0
419,1
420,0
420,3
421,0
421,3
421,4
422,1
423,0
423,1
423,4
423,5
423,7
424,0
424,3
425,1
425,2
426,0
426,3
427,1
427,3
428,1
428,3
429,1
429,3
430,1
431,0
431,1
432,0
432,1
433,0
433,3
434,0
434,3
435,0
435,3
437,0
437,3
446,1
446,3
449,1
449,3
450,1
451,0
451,1
452,0
452,1
453,0
453,3
454,0
454,3
455,0
455,3
456,0
456,3
457,1
457,3
458,1
458,3
459,1
460,0
460,1
461,0
461,1
462,0
462,1
463,0
463,3
464,0
464,3
465,0
465,3
466,1
466,3
467,1
467,3
468,1
468,3
469,1
470,0
470,1
471,0
471,1
472,0
472,3
473,0
473,3
474,0
474,3
475,1
475,3
476,1
476,3
477,0
477,1
477,5
478,1
478,3
479,1
479,3
479,5
480,1
480,3
481,1
481,3
482,1
482,3
483,1
484,0
484,1
485,0
485,1
486,0
486,3
487,0
487,3
488,0
488,3
489,0
489,3
490,1
490,3
491,1
491,3
492,1
493,0
493,1
494,0
494,1
495,0
495,1
496,0
496,3
497,0
497,3
498,0
498,3
499,1
499,3
500,1
500,3
501,1
502,0
502,1
503,0
503,1
504,2
504,4
504,6
504,8
504,9
504,11
504,13
504,15
504,17
504,18
504,21
504,22
504,24
504,25
504,27
504,30
504,31
504,33
504,34
504,36
504,38
504,40
504,42
504,43
504,46
504,48
43,9
225,4
43,13
422,4
422,2
181,5
184,6
423,2
164,10
164,15
47,4
84,2
84,19
84,12
84,32
84,39
84,34
84,7
0,473
181,4
369,2
369,4
504,49
504,47
504,44
504,37
504,35
504,32
504,29
504,26
504,23
504,20
504,16
504,14
504,10
504,7
504,5
503,3
502,3
501,3
501,0
500,0
499,0
498,1
497,1
496,1
495,3
494,3
493,3
492,3
492,0
491,0
490,0
489,1
488,1
487,1
486,1
485,3
484,3
483,3
483,0
482,0
481,0
480,0
479,4
479,0
478,0
477,3
476,5
476,0
475,0
474,1
473,1
472,1
471,3
470,3
469,3
469,0
468,0
467,0
466,0
465,1
464,1
463,1
462,3
461,3
460,3
459,3
459,0
458,0
457,0
456,1
455,1
454,1
453,1
452,3
451,3
450,3
450,0
449,0
446,0
437,1
435,1
434,1
433,1
432,3
431,3
430,3
430,0
429,0
428,0
427,0
426,1
425,3
425,0
424,1
423,6
423,3
422,3
422,0
421,1
420,1
419,3
418,3
417,3
416,3
416,0
415,0
414,0
413,1
412,1
411,1
410,3
409,3
408,3
407,3
407,0
406,0
405,0
404,1
403,1
402,1
401,1
400,3
399,3
398,3
398,0
397,0
396,0
395,0
394,1
393,1
392,1
391,3
390,3
389,3
389,0
388,0
387,0
386,0
385,1
384,1
383,1
382,3
381,3
380,3
379,3
379,0
378,0
377,0
376,1
375,1
374,1
373,1
372,3
371,3
370,3
370,0
369,0
368,0
367,1
366,1
365,1
364,1
363,3
362,3
361,3
361,0
360,0
359,0
358,0
357,1
356,1
355,3
355,0
354,0
353,0
352,0
351,1
350,1
349,1
348,3
347,3
346,3
345,3
345,0
344,0
343,0
342,1
341,1
340,1
339,3
338,3
337,3
336,3
336,0
335,0
334,0
333,1
332,1
331,1
330,1
329,3
328,5
328,1
327,3
326,3
325,6
325,0
324,3
324,0
323,0
322,1
321,1
320,1
319,3
318,3
317,3
316,3
316,0
315,0
314,0
313,1
312,1
311,1
310,1
309,3
308,3
307,4
307,1
306,1
305,1
304,1
303,3
302,3
301,3
301,0
300,0
299,0
298,0
297,1
296,1
295,1
294,3
293,3
292,3
292,0
291,0
290,0
289,0
288,1
287,1
286,1
285,3
284,3
283,3
282,3
282,0
281,0
280,0
279,1
278,1
277,1
276,1
275,3
274,3
273,3
273,0
272,0
271,0
270,1
269,1
268,1
267,1
266,3
265,3
264,3
264,0
263,0
262,0
261,0
260,1
259,1
258,1
257,3
256,3
255,3
254,3
254,0
253,0
252,0
251,1
250,1
249,1
248,1
247,3
246,3
245,3
245,0
244,0
243,0
242,1
241,1
240,1
239,1
238,5
238,2
237,6
237,3
236,3
235,3
234,3
234,0
233,0
232,0
231,1
230,1
229,1
228,4
228,1
227,1
226,3
226,0
225,0
224,0
223,1
222,1
221,1
220,5
220,3
219,3
218,3
218,0
217,0
216,0
215,0
214,1
213,1
212,1
211,3
210,3
209,3
208,3
208,0
207,4
207,0
206,1
205,1
204,1
203,3
202,3
201,3
200,3
200,0
199,0
198,0
197,1
196,1
195,1
194,1
193,3
192,3
191,3
191,0
190,0
189,0
188,0
187,1
186,1
185,1
184,3
183,3
182,3
181,3
181,0
180,0
179,0
178,1
177,3
176,3
176,0
175,0
174,0
173,5
173,1
172,1
171,1
170,3
169,3
168,3
167,3
167,0
166,0
165,5
165,3
164,16
164,12
164,8
164,6
164,3
163,3
163,0
162,0
161,3
161,0
160,4
160,0
159,1
158,3
157,3
156,3
156,0
155,0
154,0
153,1
152,13
152,10
152,7
152,5
152,2
151,3
150,4
150,1
149,1
148,1
147,3
146,3
145,3
144,3
144,0
143,3
143,0
142,1
141,1
140,1
139,3
138,3
137,6
137,1
136,5
136,0
135,1
134,5
134,1
133,1
132,5
132,3
131,4
131,0
130,1
129,1
128,1
127,1
126,11
126,8
126,5
126,3
125,9
125,6
125,4
125,1
124,1
123,1
122,12
122,9
122,6
122,4
122,0
121,3
120,3
120,0
119,0
118,0
117,3
116,3
115,3
114,3
114,0
113,0
112,0
111,1
110,1
109,1
108,1
107,3
106,3
105,3
105,0
104,0
103,0
102,1
101,1
100,1
99,1
98,3
97,3
96,3
96,0
95,0
94,0
93,0
92,1
91,1
90,5
90,3
89,4
89,0
88,0
87,1
86,3
85,6
85,4
85,0
84,36
84,33
84,27
84,22
84,18
84,15
84,9
84,5
84,3
83,10
83,7
83,4
83,1
82,1
81,1
80,3
79,3
78,11
78,6
78,3
77,3
77,0
76,4
76,1
75,5
75,0
74,0
73,0
72,1
71,1
70,1
69,3
68,3
67,3
66,4
66,1
65,1
64,5
64,3
63,5
63,2
62,18
62,16
62,13
62,10
62,8
62,5
62,2
61,8
61,6
61,3
61,0
60,3
59,4
59,0
58,4
58,0
57,1
56,5
56,3
55,5
55,0
54,4
54,0
53,0
52,1
51,3
50,5
50,0
49,6
49,1
48,5
48,1
47,3
46,3
45,3
45,0
44,0
43,10
43,5
43,1
42,4
42,0
41,4
41,0
40,3
40,1
39,3
38,4
38,1
37,5
37,1
36,8
36,6
36,3
36,0
35,5
35,3
34,5
34,2
34,0
33,1
32,1
31,3
31,0
30,0
29,1
28,7
28,4
28,1
27,25
27,20
27,4
27,0
26,4
26,0
25,23
25,20
25,17
25,14
25,12
25,8
25,5
25,3
25,0
24,7
24,4
24,1
4,2
3,6
3,4
3,1
2,115
2,113
2,110
2,107
2,104
2,102
2,99
2,96
2,94
2,90
2,87
2,84
2,82
2,79
2,76
2,74
2,71
2,68
2,65
2,35
2,32
2,29
2,27
2,24
2,21
0,426
0,275
0,317
0,274
0,330
0,273
0,272
0,369
0,271
0,383
0,270
0,488
0,269
0,471
0,268
0,339
0,267
0,398
0,266
0,500
0,265
0,435
0,264
0,404
0,263
0,341
0,262
0,261
0,338
0,260
0,434
0,259
0,316
0,258
0,365
0,257
0,256
0,320
0,255
0,364
0,254
0,315
0,253
0,507
0,252
0,363
0,251
0,420
0,250
0,442
0,249
0,312
0,248
0,362
0,247
0,485
0,246
0,353
0,245
0,506
0,244
0,466
0,242
0,483
0,241
0,393
0,240
0,355
0,239
0,472
0,238
0,237
0,399
0,236
0,351
0,235
0,491
0,234
0,306
0,233
0,366
0,232
0,493
0,231
0,408
0,230
0,349
0,229
0,470
0,228
0,484
0,227
0,391
0,226
0,225
0,407
0,224
0,319
0,223
0,465
0,222
0,361
0,221
0,325
0,220
0,401
0,219
0,348
0,218
0,324
0,217
0,360
0,216
0,441
0,215
0,439
0,214
0,388
0,213
0,433
0,212
0,343
0,211
0,385
0,210
0,313
0,209
0,429
0,208
0,335
0,207
0,494
0,206
0,438
0,205
0,508
0,204
0,436
0,203
0,336
0,202
0,479
0,201
0,314
0,200
0,412
0,199
0,477
0,198
0,482
0,197
0,502
0,196
0,384
0,195
0,499
0,194
0,392
0,193
0,492
0,192
0,378
0,63
0,478
0,62
0,481
0,61
0,380
0,60
0,418
0,59
0,328
0,58
0,487
0,57
0,379
0,56
0,311
0,55
0,410
0,54
0,389
0,53
0,476
0,52
0,309
0,51
0,409
0,50
0,490
0,49
0,48
0,376
0,47
0,510
0,46
0,405
0,45
0,345
0,6
0,5
0,1
0,430
0,11
0,4
0,2
0,3
0,7
